
1790085839.715857485) 90 43 6C
1790085839.790723461) 80 43 40
1790085840.030981125) 90 43 6C
1790085840.115976338) 80 43 40
1790085840.496813846) 90 43 6C
1790085840.575509576) 80 43 40
1790085840.965446382) 90 43 6C
1790085841.040959672) 80 43 40
1790085841.277859601) 90 43 6C
1790085841.355898029) 80 43 40
1790085841.746742645) 90 43 6C
1790085841.826312059) 80 43 40
1790085842.215267690) 90 43 6C
1790085842.291870540) 80 43 40
1790085842.531266973) 90 43 6C
1790085842.605627302) 80 43 40
1790085842.997266298) 90 43 6C
1790085843.077739256) 80 43 40
1790085843.466200343) 90 43 6C
1790085843.540500599) 80 43 40
1790085843.776484653) 90 43 6C
1790085843.856596387) 80 43 40
1790085844.245976898) 90 43 6C
1790085844.326301067) 80 43 40
1790085844.715812842) 90 43 6C
1790085844.791077148) 80 43 40
1790085845.026925425) 90 43 6C
1790085845.106311561) 80 43 40
1790085845.495554212) 90 43 6C
1790085845.575466844) 80 43 40
1790085845.965606359) 90 43 6C
1790085846.041508163) 80 43 40
1790085846.275419515) 90 43 6C
1790085846.355557115) 80 43 40
1790085846.745208217) 90 43 6C
1790085846.828953270) 80 43 40
1790085847.215689124) 90 43 6C
1790085847.291182803) 80 43 40
1790085847.525594641) 90 43 6C
1790085847.606126838) 80 43 40
1790085847.995409499) 90 43 6C
1790085848.075302782) 80 43 40
1790085848.466037643) 90 43 6C
1790085848.539990892) 80 43 40
1790085848.778194022) 90 43 6C
1790085848.856840579) 80 43 40
1790085849.245328845) 90 43 6C
1790085849.326082819) 80 43 40
1790085849.715485524) 90 43 6C
1790085849.792890830) 80 43 40
1790085850.027260852) 90 43 6C
1790085850.106354881) 80 43 40
1790085850.495721755) 90 43 6C
1790085850.570053251) 80 43 40
1790085850.964927083) 90 43 6C
1790085851.040571717) 80 43 40
1790085851.276444949) 90 43 6C
1790085851.356095962) 80 43 40
1790085851.744940227) 90 43 6C
1790085851.820694702) 80 43 40
1790085852.215372289) 90 43 6C
1790085852.290035235) 80 43 40
1790085852.526797370) 90 43 6C
1790085852.604471666) 80 43 40
1790085853.006164587) 90 43 6C
1790085853.071086950) 80 43 40
1790085853.465625267) 90 43 6C
1790085853.540378287) 80 43 40
1790085853.776941398) 90 43 6C
1790085853.856573548) 80 43 40
1790085854.245028800) 90 43 6C
1790085854.319434675) 80 43 40
1790085854.714892346) 90 43 6C
1790085854.791536001) 80 43 40
1790085855.025528316) 90 43 6C
1790085855.106576408) 80 43 40
1790085855.495425630) 90 43 6C
1790085855.571179076) 80 43 40
1790085855.965096000) 90 43 6C
1790085856.042506420) 80 43 40
1790085856.277416392) 90 43 6C
1790085856.355180276) 80 43 40
1790085856.744353778) 90 43 6C
1790085856.819420845) 80 43 40
1790085857.214898655) 90 43 6C
1790085857.291848292) 80 43 40
1790085857.525463663) 90 43 6C
1790085857.605681629) 80 43 40
1790085857.995585318) 90 43 6C
1790085858.069590435) 80 43 40
1790085858.465355856) 90 43 6C
1790085858.540040409) 80 43 40
1790085858.776444257) 90 43 6C
1790085858.855260871) 80 43 40
1790085859.245537713) 90 43 6C
1790085859.320861812) 80 43 40
1790085859.715045903) 90 43 6C
1790085859.790558131) 80 43 40
1790085860.026664247) 90 43 6C
1790085860.105960773) 80 43 40
