
1790089129.431204618) 90 43 5A
1790089129.511289353) 80 43 40
1790089129.901510997) 90 43 5A
1790089129.977551130) 80 43 40
1790089130.386179367) 90 43 5A
1790089130.446277665) 80 43 40
1790089130.681944756) 90 43 5A
1790089130.761882624) 80 43 40
1790089131.151206397) 90 43 5A
1790089131.236475737) 80 43 40
1790089131.624484540) 90 43 5A
1790089131.708404220) 80 43 40
1790089131.935381830) 90 43 5A
1790089132.019841293) 80 43 40
1790089132.408154693) 90 43 5A
1790089132.478414573) 80 43 40
1790089132.871321350) 90 43 5A
1790089132.947468195) 80 43 40
1790089133.182310905) 90 43 5A
1790089133.261874600) 80 43 40
1790089133.651486587) 90 43 5A
1790089133.726280931) 80 43 40
1790089134.121435153) 90 43 5A
1790089134.202237280) 80 43 40
1790089134.433415843) 90 43 5A
1790089134.511472429) 80 43 40
1790089134.901470174) 90 43 5A
1790089134.976056135) 80 43 40
1790089135.371166133) 90 43 5A
1790089135.446114587) 80 43 40
1790089135.681457564) 90 43 5A
1790089135.764698652) 80 43 40
1790089136.152971021) 90 43 5A
1790089136.228691025) 80 43 40
1790089136.624159584) 90 43 5A
1790089136.695657798) 80 43 40
1790089136.939610657) 90 43 5A
1790089137.015810663) 80 43 40
1790089137.407283490) 90 43 5A
1790089137.476153973) 80 43 40
1790089137.874693951) 90 43 5A
1790089137.945946412) 80 43 40
1790089138.187313970) 90 43 5A
1790089138.260707183) 80 43 40
1790089138.657321868) 90 43 5A
1790089138.727476277) 80 43 40
1790089139.120919547) 90 43 5A
1790089139.195991191) 80 43 40
1790089139.431170234) 90 43 5A
1790089139.511956211) 80 43 40
1790089139.901137387) 90 43 5A
1790089139.985226111) 80 43 40
1790089140.374417687) 90 43 5A
1790089140.456701619) 80 43 40
1790089140.680998437) 90 43 5A
1790089140.761155586) 80 43 40
1790089141.158224183) 90 43 5A
1790089141.225853055) 80 43 40
1790089141.620912887) 90 43 5A
1790089141.698844640) 80 43 40
1790089141.937321918) 90 43 5A
1790089142.013542809) 80 43 40
1790089142.407035894) 90 43 5A
1790089142.475647101) 80 43 40
1790089142.870348466) 90 43 5A
1790089142.957039346) 80 43 40
1790089143.180801654) 90 43 5A
1790089143.260393477) 80 43 40
1790089143.656662377) 90 43 5A
1790089143.726078871) 80 43 40
1790089144.121636014) 90 43 5A
1790089144.196350255) 80 43 40
1790089144.433174182) 90 43 5A
1790089144.511588738) 80 43 40
1790089144.906296424) 90 43 5A
1790089144.980500111) 80 43 40
1790089145.373670153) 90 43 5A
1790089145.445495923) 80 43 40
1790089145.680763025) 90 43 5A
1790089145.767905454) 80 43 40
1790089146.150608754) 90 43 5A
1790089146.225521478) 80 43 40
1790089146.620514882) 90 43 5A
1790089146.695715575) 80 43 40
1790089146.931320226) 90 43 5A
1790089147.010839258) 80 43 40
1790089147.400723807) 90 43 5A
1790089147.475996874) 80 43 40
1790089147.870875479) 90 43 5A
1790089147.945897996) 80 43 40
1790089148.180850525) 90 43 5A
1790089148.255786558) 80 43 40
1790089148.652403907) 90 43 5A
1790089148.726306525) 80 43 40
1790089149.120090596) 90 43 5A
1790089149.196034828) 80 43 40
1790089149.430038942) 90 43 5A
1790089149.505575834) 80 43 40
1790089149.903715268) 90 43 5A
1790089149.976147735) 80 43 40
1790089150.370032150) 90 43 5A
1790089150.445561613) 80 43 40
1790089150.680180492) 90 43 5A
1790089150.756804087) 80 43 40
1790089151.150092988) 90 43 5A
1790089151.227121538) 80 43 40
1790089151.620425856) 90 43 5A
1790089151.695287937) 80 43 40
1790089151.931372322) 90 43 5A
1790089152.006811292) 80 43 40
1790089152.400868030) 90 43 5A
1790089152.475543359) 80 43 40
1790089152.870792453) 90 43 5A
1790089152.945601780) 80 43 40
1790089153.180235098) 90 43 5A
1790089153.254798434) 80 43 40
1790089153.650843403) 90 43 5A
1790089153.725386404) 80 43 40
1790089154.120431254) 90 43 5A
1790089154.195263273) 80 43 40
