
1790083459.413635002) 90 40 70
1790083459.488300173) 80 40 40
1790083459.884833103) 90 40 70
1790083459.958849644) 80 40 40
1790083460.348254532) 90 40 70
1790083460.430225444) 80 40 40
1790083460.664024697) 90 40 70
1790083460.738110872) 80 40 40
1790083461.132822020) 90 40 70
1790083461.209083644) 80 40 40
1790083461.601422425) 90 40 70
1790083461.677747955) 80 40 40
1790083461.914642951) 90 40 70
1790083461.989067517) 80 40 40
1790083462.378084787) 90 40 70
1790083462.457798559) 80 40 40
1790083462.850020842) 90 40 70
1790083462.929342014) 80 40 40
1790083463.166201718) 90 40 70
1790083463.238542006) 80 40 40
1790083463.628446380) 90 40 70
1790083463.708450454) 80 40 40
1790083464.099830173) 90 40 70
1790083464.178059111) 80 40 40
1790083464.412704280) 90 40 70
1790083464.487820777) 80 40 40
1790083464.878818899) 90 40 70
1790083464.958602266) 80 40 40
1790083465.350314971) 90 40 70
1790083465.429074945) 80 40 40
1790083465.664662241) 90 40 70
1790083465.738333220) 80 40 40
1790083466.127989448) 90 40 70
1790083466.208363147) 80 40 40
1790083466.597697452) 90 40 70
1790083466.677571676) 80 40 40
1790083466.913645902) 90 40 70
1790083466.988706666) 80 40 40
1790083467.378665064) 90 40 70
1790083467.458359084) 80 40 40
1790083467.847918712) 90 40 70
1790083467.927819076) 80 40 40
1790083468.163148212) 90 40 70
1790083468.238178421) 80 40 40
1790083468.627328119) 90 40 70
1790083468.707831256) 80 40 40
1790083469.097547388) 90 40 70
1790083469.178390747) 80 40 40
1790083469.414304600) 90 40 70
1790083469.487528666) 80 40 40
1790083469.877593971) 90 40 70
1790083469.957317262) 80 40 40
1790083470.347649029) 90 40 70
1790083470.422554392) 80 40 40
1790083470.666317027) 90 40 70
1790083470.737520224) 80 40 40
1790083471.127334494) 90 40 70
1790083471.207352514) 80 40 40
1790083471.597457710) 90 40 70
1790083471.672413791) 80 40 40
1790083471.914554301) 90 40 70
1790083471.987621911) 80 40 40
1790083472.378832235) 90 40 70
1790083472.457373397) 80 40 40
1790083472.848005276) 90 40 70
1790083472.923568693) 80 40 40
1790083473.163699249) 90 40 70
1790083473.237864135) 80 40 40
1790083473.629166767) 90 40 70
1790083473.707514435) 80 40 40
1790083474.100445177) 90 40 70
1790083474.172699681) 80 40 40
1790083474.418214321) 90 40 70
1790083474.488023928) 80 40 40
1790083474.877873671) 90 40 70
1790083474.957740347) 80 40 40
1790083475.348042794) 90 40 70
1790083475.423318899) 80 40 40
1790083475.662487810) 90 40 70
1790083475.738971554) 80 40 40
1790083476.127814191) 90 40 70
1790083476.207593068) 80 40 40
1790083476.597898266) 90 40 70
1790083476.673681612) 80 40 40
1790083476.914497406) 90 40 70
1790083476.987110987) 80 40 40
1790083477.378790469) 90 40 70
1790083477.457597257) 80 40 40
1790083477.848708008) 90 40 70
1790083477.922956595) 80 40 40
1790083478.162846802) 90 40 70
1790083478.237958283) 80 40 40
1790083478.628688448) 90 40 70
1790083478.707641371) 80 40 40
1790083479.098197662) 90 40 70
1790083479.172977184) 80 40 40
1790083479.408039307) 90 40 70
1790083479.487797410) 80 40 40
1790083479.878613338) 90 40 70
1790083479.957529474) 80 40 40
1790083480.347108929) 90 40 70
1790083480.422825276) 80 40 40
1790083480.662302145) 90 40 70
1790083480.736684853) 80 40 40
1790083481.126549366) 90 40 70
1790083481.207226300) 80 40 40
1790083481.596760884) 90 40 70
1790083481.673099913) 80 40 40
1790083481.907222800) 90 40 70
1790083481.986950302) 80 40 40
1790083482.377611057) 90 40 70
1790083482.456714009) 80 40 40
1790083482.847063609) 90 40 70
1790083482.921658905) 80 40 40
1790083483.158227396) 90 40 70
