
1790029846.077344940) 80 47 40
1790029846.392026040) 90 43 4A
1790029846.701665107) 80 43 40
1790029847.017101928) 90 47 46
1790029847.325960591) 80 47 40
1790029847.641658389) 90 43 4A
1790029847.952088854) 80 43 40
1790029848.269367426) 90 40 4D
1790029848.577663572) 80 40 40
1790029848.892968465) 90 47 46
1790029849.201409797) 80 47 40
1790029849.516217178) 90 43 4A
1790029849.826581871) 80 43 40
1790029850.141936262) 90 40 4D
1790029850.451449458) 80 40 40
1790029850.766352855) 90 43 4A
1790029851.077207086) 80 43 40
1790029851.396339684) 90 43 4A
1790029851.703678765) 80 43 40
1790029852.016873136) 90 47 46
1790029852.329028781) 80 47 40
1790029852.643377665) 90 47 46
1790029852.951149132) 80 47 40
1790029853.266350738) 90 43 4A
1790029853.576447067) 80 43 40
1790029853.891770703) 90 43 4A
1790029854.202103777) 80 43 40
1790029854.516405933) 90 43 4A
1790029854.826876132) 80 43 40
1790029855.141970995) 90 40 4D
1790029855.451127123) 80 40 40
1790029855.766111532) 90 47 46
1790029856.076282953) 80 47 40
1790029856.390844202) 90 43 4A
1790029856.701572732) 80 43 40
1790029857.015247285) 90 47 46
1790029857.326082168) 80 47 40
1790029857.641088209) 90 43 4A
1790029857.951122199) 80 43 40
1790029858.265909112) 90 40 4D
1790029858.575769219) 80 40 40
1790029858.890872488) 90 47 46
1790029859.201111991) 80 47 40
1790029859.516026957) 90 43 4A
1790029859.825808363) 80 43 40
1790029860.140534853) 90 40 4D
1790029860.454530130) 80 40 40
1790029860.765911934) 90 43 4A
1790029861.076125883) 80 43 40
1790029861.393379034) 90 43 4A
1790029861.700536922) 80 43 40
1790029862.016274905) 90 47 46
1790029862.324827731) 80 47 40
1790029862.641423490) 90 47 46
1790029862.950600426) 80 47 40
1790029863.265086850) 90 43 4A
1790029863.576050262) 80 43 40
1790029863.891223924) 90 43 4A
1790029864.200910666) 80 43 40
1790029864.517299085) 90 43 4A
1790029864.833771853) 80 43 40
1790029865.140998659) 90 40 4D
1790029865.459376894) 80 40 40
1790029865.765755507) 90 47 46
1790029866.076037702) 80 47 40
1790029866.385497057) 90 43 4A
1790029866.700805555) 80 43 40
1790029867.012685374) 90 47 46
1790029867.324776233) 80 47 40
1790029867.634990756) 90 43 4A
1790029867.949861196) 80 43 40
1790029868.261852122) 90 40 4D
1790029868.574935489) 80 40 40
1790029868.885466960) 90 47 46
1790029869.199701625) 80 47 40
1790029869.509836187) 90 43 4A
1790029869.825812540) 80 43 40
1790029870.135322574) 90 40 4D
1790029870.450159437) 80 40 40
1790029870.759833112) 90 43 4A
