
1790029717.029322751) 90 40 4D
1790029717.344223819) 80 40 40
1790029717.653343291) 90 40 4D
1790029717.968817027) 80 40 40
1790029718.279215572) 90 40 4D
1790029718.594547687) 80 40 40
1790029718.903930704) 90 40 4D
1790029719.218415164) 80 40 40
1790029719.528509909) 90 40 4D
1790029719.843640222) 80 40 40
1790029720.154132007) 90 40 4D
1790029720.468914802) 80 40 40
1790029720.778473512) 90 40 4D
1790029721.095297019) 80 40 40
1790029721.403572199) 90 40 4D
1790029721.718146394) 80 40 40
1790029722.029390898) 90 40 4D
1790029722.346287894) 80 40 40
1790029722.653763672) 90 40 4D
1790029722.968683214) 80 40 40
1790029723.280979327) 90 40 4D
1790029723.593399570) 80 40 40
1790029723.903588744) 90 40 4D
1790029724.218233506) 80 40 40
1790029724.529049132) 90 40 4D
1790029724.843559579) 80 40 40
1790029725.153034796) 90 40 4D
1790029725.467924870) 80 40 40
1790029725.777986445) 90 40 4D
1790029726.094486013) 80 40 40
1790029726.402621980) 90 40 4D
1790029726.717878156) 80 40 40
1790029727.027761078) 90 40 4D
1790029727.343543376) 80 40 40
1790029727.653759838) 90 40 4D
1790029727.968542023) 80 40 40
1790029728.280521677) 90 40 4D
1790029728.592537350) 80 40 40
1790029728.903611488) 90 40 4D
1790029729.219069689) 80 40 40
1790029729.528060729) 90 40 4D
1790029729.837865691) 80 40 40
1790029730.157011897) 90 40 4D
1790029730.462962615) 80 40 40
1790029730.778042164) 90 40 4D
1790029731.088137622) 80 40 40
1790029731.402648374) 90 40 4D
1790029731.715509145) 80 40 40
1790029732.028419741) 90 40 4D
1790029732.337419821) 80 40 40
1790029732.652875461) 90 40 4D
1790029732.962141935) 80 40 40
1790029733.278930010) 90 40 4D
1790029733.588011957) 80 40 40
1790029733.903460957) 90 40 4D
1790029734.212380407) 80 40 40
1790029734.529021673) 90 40 4D
1790029734.838319475) 80 40 40
1790029735.158580447) 90 40 4D
1790029735.462758662) 80 40 40
1790029735.779132072) 90 40 4D
1790029736.087477208) 80 40 40
