
1790086418.434845998) 90 48 52
1790086418.513998879) 80 48 40
1790086418.749076546) 90 48 52
1790086418.824751586) 80 48 40
1790086419.213852635) 90 48 52
1790086419.294228285) 80 48 40
1790086419.683206587) 90 48 52
1790086419.763243451) 80 48 40
1790086419.999143431) 90 48 52
1790086420.073378544) 80 48 40
1790086420.463150734) 90 48 52
1790086420.543260638) 80 48 40
1790086420.932766173) 90 48 52
1790086421.013036432) 80 48 40
1790086421.248407639) 90 48 52
1790086421.323388367) 80 48 40
1790086421.713242620) 90 48 52
1790086421.793452751) 80 48 40
1790086422.184550182) 90 48 52
1790086422.263380964) 80 48 40
1790086422.498747633) 90 48 52
1790086422.573526133) 80 48 40
1790086422.963387857) 90 48 52
1790086423.043754774) 80 48 40
1790086423.434585205) 90 48 52
1790086423.514422879) 80 48 40
1790086423.747820772) 90 48 52
1790086423.823197338) 80 48 40
1790086424.213955726) 90 48 52
1790086424.294106423) 80 48 40
1790086424.685825029) 90 48 52
1790086424.762914115) 80 48 40
1790086424.998727465) 90 48 52
1790086425.073259331) 80 48 40
1790086425.463345276) 90 48 52
1790086425.543652288) 80 48 40
1790086425.934817922) 90 48 52
1790086426.014149365) 80 48 40
1790086426.248632485) 90 48 52
1790086426.324064186) 80 48 40
1790086426.714250524) 90 48 52
1790086426.795520297) 80 48 40
1790086427.183978832) 90 48 52
1790086427.261554600) 80 48 40
1790086427.497957356) 90 48 52
1790086427.572715116) 80 48 40
1790086427.964698626) 90 48 52
1790086428.044089149) 80 48 40
1790086428.442349601) 90 48 52
1790086428.508139313) 80 48 40
1790086428.748279523) 90 48 52
1790086428.823571658) 80 48 40
1790086429.212273703) 90 48 52
1790086429.294344883) 80 48 40
1790086429.684092558) 90 48 52
1790086429.759585609) 80 48 40
1790086429.998398112) 90 48 52
1790086430.072496554) 80 48 40
1790086430.463456753) 90 48 52
1790086430.543046046) 80 48 40
1790086430.933146709) 90 48 52
1790086431.007669207) 80 48 40
1790086431.248872127) 90 48 52
1790086431.323568105) 80 48 40
1790086431.713203434) 90 48 52
1790086431.793772452) 80 48 40
1790086432.186823865) 90 48 52
1790086432.257771682) 80 48 40
1790086432.498183504) 90 48 52
1790086432.572714933) 80 48 40
1790086432.963669066) 90 48 52
1790086433.043424166) 80 48 40
1790086433.433050028) 90 48 52
1790086433.507118810) 80 48 40
1790086433.748267947) 90 48 52
1790086433.823217659) 80 48 40
1790086434.212890214) 90 48 52
1790086434.292413931) 80 48 40
1790086434.682683952) 90 48 52
1790086434.757825430) 80 48 40
1790086434.998588976) 90 48 52
1790086435.072762414) 80 48 40
1790086435.462620784) 90 48 52
1790086435.542546635) 80 48 40
1790086435.932266353) 90 48 52
1790086436.008531953) 80 48 40
1790086436.248544508) 90 48 52
1790086436.323463101) 80 48 40
1790086436.717694744) 90 48 52
1790086436.792726937) 80 48 40
1790086437.182574649) 90 48 52
1790086437.257424367) 80 48 40
1790086437.496317510) 90 48 52
1790086437.576161006) 80 48 40
1790086437.962920520) 90 48 52
1790086438.043431249) 80 48 40
1790086438.432621417) 90 48 52
1790086438.507509548) 80 48 40
1790086438.748884682) 90 48 52
1790086438.822246567) 80 48 40
