
1790083093.201361475) 90 40 5C
1790083093.281327062) 80 40 40
1790083093.672487297) 90 40 5C
1790083093.751760613) 80 40 40
1790083094.142170224) 90 40 5C
1790083094.221785164) 80 40 40
1790083094.451377179) 90 40 5C
1790083094.531627200) 80 40 40
1790083094.921314855) 90 40 5C
1790083095.001610097) 80 40 40
1790083095.391654136) 90 40 5C
1790083095.466481649) 80 40 40
1790083095.701529080) 90 40 5C
1790083095.782533730) 80 40 40
1790083096.172132420) 90 40 5C
1790083096.251279933) 80 40 40
1790083096.641584022) 90 40 5C
1790083096.715921643) 80 40 40
1790083096.951586034) 90 40 5C
1790083097.033491515) 80 40 40
1790083097.421407173) 90 40 5C
1790083097.501426094) 80 40 40
1790083097.891314833) 90 40 5C
1790083097.966360446) 80 40 40
1790083098.201051830) 90 40 5C
1790083098.281396506) 80 40 40
1790083098.671180713) 90 40 5C
1790083098.746599112) 80 40 40
1790083099.148575305) 90 40 5C
1790083099.223001510) 80 40 40
1790083099.451468121) 90 40 5C
1790083099.531408817) 80 40 40
1790083099.922052027) 90 40 5C
1790083099.997157123) 80 40 40
1790083100.391583255) 90 40 5C
1790083100.466610463) 80 40 40
1790083100.701248043) 90 40 5C
1790083100.781407430) 80 40 40
1790083101.172521798) 90 40 5C
1790083101.246392800) 80 40 40
1790083101.641958612) 90 40 5C
1790083101.716340035) 80 40 40
1790083101.951595416) 90 40 5C
1790083102.030939486) 80 40 40
1790083102.421622874) 90 40 5C
1790083102.496347667) 80 40 40
1790083102.890766137) 90 40 5C
1790083102.965913763) 80 40 40
1790083103.201882676) 90 40 5C
1790083103.280997457) 80 40 40
1790083103.670976627) 90 40 5C
1790083103.746092329) 80 40 40
1790083104.141519995) 90 40 5C
1790083104.216391502) 80 40 40
1790083104.451448174) 90 40 5C
1790083104.531062493) 80 40 40
1790083104.920444036) 90 40 5C
1790083104.996002895) 80 40 40
1790083105.391988599) 90 40 5C
1790083105.468088119) 80 40 40
1790083105.701791421) 90 40 5C
1790083105.780897039) 80 40 40
1790083106.171686176) 90 40 5C
1790083106.248910912) 80 40 40
1790083106.640457873) 90 40 5C
1790083106.715699261) 80 40 40
1790083106.950669420) 90 40 5C
1790083107.030593765) 80 40 40
1790083107.420983329) 90 40 5C
1790083107.495802279) 80 40 40
1790083107.890580563) 90 40 5C
1790083107.965757336) 80 40 40
1790083108.202142371) 90 40 5C
1790083108.281867638) 80 40 40
1790083108.671090320) 90 40 5C
1790083108.748148366) 80 40 40
1790083109.140810098) 90 40 5C
1790083109.215802586) 80 40 40
1790083109.451805061) 90 40 5C
1790083109.530745132) 80 40 40
1790083109.921220761) 90 40 5C
1790083109.998526295) 80 40 40
1790083110.390802937) 90 40 5C
1790083110.466374809) 80 40 40
1790083110.700988098) 90 40 5C
1790083110.781105379) 80 40 40
1790083111.170708577) 90 40 5C
1790083111.245998266) 80 40 40
1790083111.641351211) 90 40 5C
1790083111.716752158) 80 40 40
1790083111.950403732) 90 40 5C
1790083112.030254485) 80 40 40
1790083112.420648784) 90 40 5C
1790083112.495652404) 80 40 40
1790083112.890589871) 90 40 5C
1790083112.966041016) 80 40 40
1790083113.200305181) 90 40 5C
1790083113.281174360) 80 40 40
1790083113.670407204) 90 40 5C
1790083113.745705589) 80 40 40
1790083114.141242478) 90 40 5C
1790083114.215733934) 80 40 40
1790083114.450698117) 90 40 5C
1790083114.530418767) 80 40 40
1790083114.921149391) 90 40 5C
1790083114.995801395) 80 40 40
1790083115.391479328) 90 40 5C
1790083115.465836778) 80 40 40
1790083115.700774077) 90 40 5C
1790083115.780939995) 80 40 40
1790083116.170671761) 90 40 5C
1790083116.245388666) 80 40 40
1790083116.641452596) 90 40 5C
1790083116.715693186) 80 40 40
1790083116.951334250) 90 40 5C
1790083117.030522662) 80 40 40
