
1790082558.424087771) 90 3B 1C
1790082558.578101895) 80 3B 40
1790082559.048408227) 90 3B 1C
1790082559.204414521) 80 3B 40
1790082559.359000716) 90 43 3C
1790082559.515389041) 80 43 40
1790082560.608770937) 90 3B 1C
1790082560.763195054) 80 3B 40
1790082560.923524256) 90 43 3C
1790082561.078971681) 80 43 40
1790082561.548589352) 90 43 3C
1790082561.703658817) 80 43 40
1790082562.484674309) 90 3B 1C
1790082562.638302463) 80 3B 40
1790082562.793036854) 90 43 3C
1790082562.947812748) 80 43 40
1790082563.108637804) 90 43 3C
1790082563.266710634) 80 43 40
1790082563.738767254) 90 43 3C
1790082563.887643834) 80 43 40
1790082564.668886038) 90 3B 1C
1790082564.822575745) 80 3B 40
1790082564.983335535) 90 43 3C
1790082565.138271046) 80 43 40
1790082565.293857089) 90 3B 1C
1790082565.447593932) 80 3B 40
1790082566.233421140) 90 3B 1C
1790082566.388334633) 80 3B 40
1790082566.543313469) 90 3B 1C
1790082566.698047227) 80 3B 40
1790082566.857623224) 90 43 3C
1790082567.012926515) 80 43 40
1790082567.167845426) 90 43 3C
1790082567.323066998) 80 43 40
1790082567.483012423) 90 43 3C
1790082567.637777092) 80 43 40
1790082568.733527116) 90 3B 1C
1790082568.887278873) 80 3B 40
1790082569.042858903) 90 43 3C
1790082569.200890533) 80 43 40
1790082569.358325799) 90 3B 1C
1790082569.513317295) 80 3B 40
1790082569.668141410) 90 43 3C
1790082569.823097437) 80 43 40
1790082569.982813326) 90 3B 1C
1790082570.137669568) 80 3B 40
1790082570.293139727) 90 43 3C
1790082570.448160110) 80 43 40
1790082570.607780792) 90 43 3C
1790082570.764779649) 80 43 40
1790082570.917427996) 90 3B 1C
1790082571.073540971) 80 3B 40
1790082571.233619609) 90 43 3C
1790082571.387914679) 80 43 40
1790082571.542836822) 90 3B 1C
1790082571.697835345) 80 3B 40
1790082573.732184989) 90 43 3C
1790082573.888383972) 80 43 40
1790082574.982872586) 90 3B 1C
1790082575.137668616) 80 3B 40
1790082576.542933001) 90 3B 1C
1790082576.697802215) 80 3B 40
1790082576.857979372) 90 3B 1C
1790082577.012846773) 80 3B 40
1790082578.421620607) 90 3B 1C
1790082578.573045827) 80 3B 40
1790082578.731979128) 90 3B 1C
1790082578.888095596) 80 3B 40
1790082579.043205189) 90 3B 1C
1790082579.197122654) 80 3B 40
1790082579.357534814) 90 43 3C
1790082579.512638960) 80 43 40
1790082579.667389888) 90 3B 1C
1790082579.822499241) 80 3B 40
1790082580.292615734) 90 3B 1C
1790082580.448375346) 80 3B 40
1790082581.232145174) 90 3B 1C
1790082581.388377068) 80 3B 40
1790082581.857367661) 90 3B 1C
1790082582.015914307) 80 3B 40
1790082582.482157443) 90 3B 1C
1790082582.638014077) 80 3B 40
