
1790082886.507984610) 90 40 60
1790082886.662671475) 80 40 40
1790082886.824082283) 90 40 60
1790082886.978781898) 80 40 40
1790082887.132164275) 90 40 60
1790082887.287652523) 80 40 40
1790082887.447601222) 90 40 60
1790082887.604072811) 80 40 40
1790082887.757500318) 90 40 60
1790082887.912796535) 80 40 40
1790082888.075195339) 90 40 60
1790082888.227084251) 80 40 40
1790082888.383902694) 90 40 60
1790082888.537405039) 80 40 40
1790082888.697144555) 90 40 60
1790082888.852612495) 80 40 40
1790082889.008634654) 90 40 60
1790082889.162231181) 80 40 40
1790082889.321389906) 90 40 60
1790082889.476547069) 80 40 40
1790082889.632252327) 90 40 60
1790082889.787406705) 80 40 40
1790082889.947738316) 90 40 60
1790082890.101584729) 80 40 40
1790082890.257499873) 90 40 60
1790082890.411997798) 80 40 40
1790082890.571860961) 90 40 60
1790082890.728036596) 80 40 40
1790082890.882657588) 90 40 60
1790082891.036478115) 80 40 40
1790082891.197197104) 90 40 60
1790082891.351683850) 80 40 40
1790082891.506187092) 90 40 60
1790082891.662485451) 80 40 40
1790082891.823324412) 90 40 60
1790082891.976652865) 80 40 40
1790082892.132571922) 90 40 60
1790082892.288411897) 80 40 40
1790082892.446677770) 90 40 60
1790082892.601754626) 80 40 40
1790082892.756996520) 90 40 60
1790082892.911696905) 80 40 40
1790082893.074611348) 90 40 60
1790082893.226827431) 80 40 40
1790082893.382528430) 90 40 60
1790082893.536498647) 80 40 40
1790082893.696910952) 90 40 60
1790082893.852929256) 80 40 40
1790082894.007448076) 90 40 60
1790082894.161988613) 80 40 40
1790082894.321398141) 90 40 60
1790082894.477259115) 80 40 40
1790082894.631861041) 90 40 60
1790082894.788234034) 80 40 40
1790082894.947552369) 90 40 60
1790082895.101804836) 80 40 40
1790082895.256836683) 90 40 60
1790082895.411822973) 80 40 40
1790082895.571455660) 90 40 60
1790082895.726363089) 80 40 40
1790082895.881729871) 90 40 60
1790082896.036772201) 80 40 40
1790082896.196060938) 90 40 60
1790082896.351612791) 80 40 40
1790082896.506723647) 90 40 60
1790082896.661449211) 80 40 40
1790082896.821800124) 90 40 60
1790082896.987765090) 80 40 40
1790082897.132919358) 90 40 60
1790082897.286188591) 80 40 40
1790082897.447489998) 90 40 60
1790082897.602543518) 80 40 40
1790082897.755866835) 90 40 60
1790082897.911683115) 80 40 40
1790082898.071308883) 90 40 60
1790082898.227163991) 80 40 40
1790082898.381913889) 90 40 60
1790082898.536574755) 80 40 40
1790082898.697722446) 90 40 60
1790082898.852204579) 80 40 40
1790082899.006555787) 90 40 60
1790082899.162008696) 80 40 40
1790082899.321632650) 90 40 60
1790082899.477137774) 80 40 40
1790082899.632354491) 90 40 60
1790082899.786306845) 80 40 40
1790082899.946622487) 90 40 60
1790082900.107088442) 80 40 40
1790082900.256342115) 90 40 60
1790082900.411317062) 80 40 40
1790082900.571436366) 90 40 60
1790082900.727075882) 80 40 40
1790082900.881004709) 90 40 60
1790082901.036281668) 80 40 40
1790082901.196052019) 90 40 60
1790082901.352093614) 80 40 40
1790082901.506383928) 90 40 60
1790082901.661247485) 80 40 40
1790082901.820970968) 90 40 60
1790082901.977752893) 80 40 40
1790082902.131891408) 90 40 60
1790082902.286663804) 80 40 40
1790082902.446046542) 90 40 60
1790082902.602897336) 80 40 40
1790082902.756166965) 90 40 60
1790082902.910983522) 80 40 40
1790082903.071238400) 90 40 60
1790082903.226488764) 80 40 40
1790082903.382071633) 90 40 60
1790082903.537901253) 80 40 40
1790082903.620711965) D0 01
1790082903.620711965) D0 04
1790082903.626869098) D0 07
1790082903.626869098) D0 0A
1790082903.632112622) D0 0D
1790082903.632112622) D0 10
1790082903.632112622) D0 13
1790082903.636571898) D0 16
1790082903.636571898) D0 19
1790082903.641088448) D0 1C
1790082903.641088448) D0 1F
1790082903.641088448) D0 22
1790082903.645722552) D0 24
1790082903.645722552) D0 26
1790082903.650760640) D0 28
1790082903.656512295) D0 29
1790082903.662183833) D0 2B
1790082903.665969594) D0 2E
1790082903.676773489) D0 30
1790082903.686300315) D0 32
1790082903.696429954) 90 40 60
1790082903.696429954) D0 35
1790082903.706754240) D0 38
1790082903.710958150) D0 3A
1790082903.716658581) D0 3D
1790082903.726100981) D0 40
1790082903.741430663) D0 43
1790082903.760770209) D0 46
1790082903.810517557) D0 49
1790082903.810517557) D0 4A
1790082903.851332991) 80 40 40
1790082903.946374445) D0 47
1790082903.951325943) D0 46
1790082903.956082151) D0 43
1790082903.961096550) D0 40
1790082903.971419732) D0 3D
1790082903.971419732) D0 3A
1790082903.975819480) D0 38
1790082903.980759871) D0 35
1790082903.990685680) D0 32
1790082904.001459081) D0 30
1790082904.007567899) 90 40 60
1790082904.016908904) D0 2E
1790082904.031568293) D0 2B
1790082904.061789612) D0 29
1790082904.076937072) D0 27
1790082904.086296596) D0 25
1790082904.086296596) D0 23
1790082904.090873004) D0 22
1790082904.090873004) D0 20
1790082904.090873004) D0 1E
1790082904.096937982) D0 1D
1790082904.096937982) D0 1A
1790082904.102539629) D0 17
1790082904.102539629) D0 14
1790082904.102539629) D0 11
1790082904.108458360) D0 0E
1790082904.108458360) D0 0B
1790082904.111271162) D0 08
1790082904.111271162) D0 05
1790082904.111271162) D0 02
1790082904.116097435) D0 00
1790082904.161202470) 80 40 40
1790082904.235497121) D0 01
1790082904.235497121) D0 04
1790082904.240839705) D0 07
1790082904.240839705) D0 0A
1790082904.240839705) D0 0D
1790082904.245911426) D0 10
1790082904.245911426) D0 13
1790082904.251004979) D0 16
1790082904.251004979) D0 19
1790082904.251004979) D0 1C
1790082904.257234622) D0 1F
1790082904.257234622) D0 22
1790082904.260912298) D0 25
1790082904.260912298) D0 28
1790082904.291452537) D0 26
1790082904.291452537) D0 24
1790082904.296313966) D0 23
1790082904.296313966) D0 20
1790082904.301354070) D0 1D
1790082904.301354070) D0 1B
1790082904.301354070) D0 1A
1790082904.306105223) D0 17
1790082904.306105223) D0 15
1790082904.311256417) D0 13
1790082904.311256417) D0 10
1790082904.311256417) D0 0E
1790082904.316338302) D0 0C
1790082904.316338302) D0 0A
1790082904.321139473) D0 09
1790082904.321139473) 90 40 60
1790082904.321139473) D0 08
1790082904.326258093) D0 07
1790082904.326258093) D0 05
1790082904.331209469) D0 04
1790082904.331209469) D0 03
1790082904.331209469) D0 06
1790082904.339268867) D0 09
1790082904.339268867) D0 0C
1790082904.340687831) D0 0F
1790082904.340687831) D0 12
1790082904.340687831) D0 15
1790082904.346172610) D0 18
1790082904.350888456) D0 19
1790082904.350888456) D0 1C
1790082904.357790940) D0 1E
1790082904.357790940) D0 1F
1790082904.361040636) D0 21
1790082904.361040636) D0 23
1790082904.385465292) D0 21
1790082904.385465292) D0 1F
1790082904.390640405) D0 1E
1790082904.390640405) D0 1C
1790082904.390640405) D0 1A
1790082904.395634397) D0 19
1790082904.401044830) D0 17
1790082904.401044830) D0 16
1790082904.406259608) D0 13
1790082904.406259608) D0 10
1790082904.411766485) D0 0D
1790082904.411766485) D0 0A
1790082904.411766485) D0 07
1790082904.416189733) D0 04
1790082904.416189733) D0 01
1790082904.420775489) D0 00
1790082904.476145705) 80 40 40
1790082904.485700223) D0 01
1790082904.490788762) D0 04
1790082904.490788762) D0 07
1790082904.490788762) D0 0A
1790082904.495873377) D0 0D
1790082904.495873377) D0 10
1790082904.500924615) D0 13
1790082904.500924615) D0 16
1790082904.500924615) D0 19
1790082904.505875780) D0 1C
1790082904.505875780) D0 1F
1790082904.511313059) D0 22
1790082904.511313059) D0 25
1790082904.511313059) D0 26
1790082904.516291616) D0 28
1790082904.530747418) D0 2A
1790082904.541021590) D0 2C
1790082904.545830089) D0 2E
1790082904.550832126) D0 31
1790082904.570907965) D0 2E
1790082904.570907965) D0 2C
1790082904.576636298) D0 2A
1790082904.581220809) D0 28
1790082904.581220809) D0 26
1790082904.587256308) D0 24
1790082904.591215246) D0 22
1790082904.591215246) D0 1F
1790082904.591215246) D0 1C
1790082904.596628937) D0 1A
1790082904.596628937) D0 17
1790082904.601040481) D0 14
1790082904.601040481) D0 11
1790082904.601040481) D0 0E
1790082904.606270404) D0 0B
1790082904.606270404) D0 08
1790082904.611174878) D0 05
1790082904.611174878) D0 02
1790082904.611174878) D0 00
1790082904.632084284) 90 40 60
1790082904.786223600) 80 40 40
1790082904.946609501) 90 40 60
1790082905.101591349) 80 40 40
1790082905.257842500) 90 40 60
1790082905.411579830) 80 40 40
1790082905.585941656) 90 40 60
1790082905.726598778) 80 40 40
1790082905.880436941) 90 40 60
1790082906.036203287) 80 40 40
1790082906.196253767) 90 40 60
1790082906.352427852) 80 40 40
1790082906.506162686) 90 40 60
1790082906.661512904) 80 40 40
1790082906.820995293) 90 40 60
1790082906.976231703) 80 40 40
1790082907.131437639) 90 40 60
1790082907.285903771) 80 40 40
1790082907.446211740) 90 40 60
1790082907.601383269) 80 40 40
1790082907.755630635) 90 40 60
1790082907.910463609) 80 40 40
1790082908.073182873) 90 40 60
1790082908.226176393) 80 40 40
1790082908.381045051) 90 40 60
1790082908.536331313) 80 40 40
1790082908.696606719) 90 40 60
1790082908.851439669) 80 40 40
1790082909.005768246) 90 40 60
1790082909.160777114) 80 40 40
1790082909.321032799) 90 40 60
1790082909.475860275) 80 40 40
1790082909.631427427) 90 40 60
1790082909.786248819) 80 40 40
1790082909.945645822) 90 40 60
1790082910.101241503) 80 40 40
1790082910.255602369) 90 40 60
