
1790086286.381571752) 90 40 72
1790086287.806386275) 80 40 40
1790086297.329971030) 90 43 53
1790086306.106048618) B0 36 7F
1790086306.106048618) FA
1790086306.168626227) B0 36 00
1790086307.243875617) 80 43 40
1790086307.824879108) 90 43 4A
1790086307.900241786) 80 43 40
1790086308.289902974) 90 43 4A
1790086308.370525896) 80 43 40
1790086308.758591745) 90 43 4A
1790086308.839430025) 80 43 40
1790086309.073483838) 90 43 4A
1790086309.148858811) 80 43 40
1790086309.539413912) 90 43 4A
1790086309.619033482) 80 43 40
1790086310.009510794) 90 43 4A
1790086310.088594936) 80 43 40
1790086310.325104978) 90 43 4A
1790086310.398890308) 80 43 40
1790086310.789007553) 90 43 4A
1790086310.868683390) 80 43 40
1790086311.258468356) 90 43 4A
1790086311.333954599) 80 43 40
