
1790030089.780585567) 90 3A 64
1790030089.780585567) 90 41 64
1790030090.250733222) 80 3A 40
1790030090.250733222) 80 41 40
1790030091.655679004) 90 3A 64
1790030091.655679004) 90 41 64
1790030092.127541183) 80 3A 40
1790030092.127541183) 80 41 40
1790030092.904902215) 90 3F 64
1790030092.904902215) 90 46 64
1790030093.375227204) 80 3F 40
1790030093.375227204) 80 46 40
1790030094.780047844) 90 3F 64
1790030094.780047844) 90 46 64
1790030095.249961025) 80 3F 40
1790030095.249961025) 80 46 40
1790030096.655348064) 90 3F 64
1790030096.655348064) 90 46 64
1790030097.125316818) 80 3F 40
1790030097.125316818) 80 46 40
1790030097.905086304) 90 35 64
1790030097.905086304) 90 3C 64
1790030098.375347504) 80 35 40
1790030098.375347504) 80 3C 40
1790030099.779875930) 90 35 64
1790030099.779875930) 90 3C 64
1790030100.249976319) 80 35 40
1790030100.249976319) 80 3C 40
1790030101.656554066) 90 35 64
1790030101.656554066) 90 3C 64
1790030102.124896663) 80 35 40
1790030102.124896663) 80 3C 40
1790030102.905261838) 90 38 64
1790030102.905261838) 90 3F 64
1790030103.375587364) 80 38 40
1790030103.375587364) 80 3F 40
1790030104.780614041) 90 38 64
1790030104.780614041) 90 3F 64
1790030105.250550477) 80 38 40
1790030105.250550477) 80 3F 40
1790030106.655027206) 90 38 64
1790030106.655027206) 90 3F 64
1790030107.124202103) 80 38 40
1790030107.124202103) 80 3F 40
1790030107.904623683) 90 3A 64
1790030107.904623683) 90 4D 64
1790030108.374406284) 80 3A 40
1790030108.374406284) 80 4D 40
1790030109.779493741) 90 3A 64
1790030109.779493741) 90 4D 64
1790030110.255112100) 80 3A 40
1790030110.255112100) 80 4D 40
1790030110.404180346) 90 41 64
1790030110.875376296) 80 41 40
1790030111.658508724) 90 3A 64
1790030111.658508724) 90 4D 64
1790030112.123815507) 80 3A 40
1790030112.123815507) 80 4D 40
1790030112.904381894) 90 52 64
1790030113.373300078) 80 52 40
1790030114.154095424) 90 3F 64
